# Energy [GeV] | Aeff cm^2
2.511900000000000000e+07 0.000000000000000000e+00
3.162300000000000000e+07 0.000000000000000000e+00
3.981100000000000000e+07 4.331100000000000000e+05
5.011900000000000000e+07 1.579600000000000000e+06
6.309600000000000000e+07 2.480300000000000000e+06
7.943300000000000000e+07 5.669600000000000000e+06
1.000000000000000000e+08 1.257300000000000000e+07
1.258900000000000000e+08 1.925700000000000000e+07
1.584900000000000000e+08 4.405600000000000000e+07
1.995300000000000000e+08 6.973700000000000000e+07
2.511900000000000000e+08 1.191800000000000000e+08
3.162300000000000000e+08 2.001000000000000000e+08
3.981100000000000000e+08 2.655300000000000000e+08
5.011900000000000000e+08 3.939000000000000000e+08
6.309600000000000000e+08 5.172700000000000000e+08
7.943300000000000000e+08 6.790100000000000000e+08
1.000000000000000000e+09 8.946700000000000000e+08
1.258900000000000000e+09 1.048600000000000000e+09
1.584900000000000000e+09 1.277700000000000000e+09
1.995300000000000000e+09 1.567000000000000000e+09
2.511900000000000000e+09 1.898800000000000000e+09
3.162300000000000000e+09 2.225800000000000000e+09
3.981100000000000000e+09 2.499500000000000000e+09
5.011900000000000000e+09 2.836000000000000000e+09
6.309600000000000000e+09 3.219500000000000000e+09
7.943300000000000000e+09 3.625300000000000000e+09
1.000000000000000000e+10 4.030800000000000000e+09
1.258900000000000000e+10 4.393700000000000000e+09
1.584900000000000000e+10 4.783600000000000000e+09
1.995300000000000000e+10 5.198800000000000000e+09
2.511900000000000000e+10 5.624800000000000000e+09
3.162300000000000000e+10 6.045300000000000000e+09
3.981100000000000000e+10 6.444000000000000000e+09
5.011900000000000000e+10 6.860600000000000000e+09
6.309600000000000000e+10 7.281100000000000000e+09
7.943300000000000000e+10 7.712900000000000000e+09
1.000000000000000000e+11 8.136300000000000000e+09
1.258900000000000000e+11 8.556800000000000000e+09
1.584900000000000000e+11 8.973200000000000000e+09
1.995300000000000000e+11 9.399200000000000000e+09
2.511900000000000000e+11 9.832500000000000000e+09
